# Configuration automatically generated by WRITE_CONFIG()
connection eth
ip 192.168.0.10
samplehz 1000.000000
settleus 1.000000
nsample 256

# Analog Inputs
aichannel 0
ainegative 199
airange 10.000000
airesolution 0


## End Configuration ##
#: Thu Jul 20 12:17:12 2017
-1.059193e+01
-1.059256e+01
-1.059256e+01
-1.059256e+01
-1.059256e+01
-1.059256e+01
-1.059224e+01
-1.059224e+01
-1.059224e+01
-1.059224e+01
-1.059193e+01
-1.059256e+01
-1.059256e+01
-1.059224e+01
-1.059256e+01
-1.059256e+01
-1.059256e+01
-1.059224e+01
-1.059256e+01
-1.059256e+01
-1.059256e+01
-1.059224e+01
-1.059256e+01
-1.059256e+01
-1.059256e+01
-1.059193e+01
-1.059224e+01
-1.059256e+01
-1.059224e+01
-1.059256e+01
-1.059193e+01
-1.059224e+01
-1.059224e+01
-1.059224e+01
-1.059256e+01
-1.059256e+01
-1.059256e+01
-1.059287e+01
-1.059256e+01
-1.059224e+01
-1.059256e+01
-1.059256e+01
-1.059224e+01
-1.059256e+01
-1.059224e+01
-1.059256e+01
-1.059193e+01
-1.059224e+01
-1.059193e+01
-1.059256e+01
-1.059256e+01
-1.059256e+01
-1.059224e+01
-1.059224e+01
-1.057613e+01
-1.056224e+01
-1.056034e+01
-1.056066e+01
-1.055971e+01
-1.055781e+01
-1.055592e+01
-1.055308e+01
-1.054992e+01
-1.054676e+01
-1.055118e+01
-1.055592e+01
-1.055718e+01
-1.055687e+01
-1.055750e+01
-1.055687e+01
-1.055529e+01
-1.055213e+01
-1.055434e+01
-1.055971e+01
-1.056224e+01
-1.056287e+01
-1.056192e+01
-1.055971e+01
-1.055687e+01
-1.055371e+01
-1.055276e+01
-1.055781e+01
-1.056160e+01
-1.056287e+01
-1.056160e+01
-1.056002e+01
-1.055781e+01
-1.055466e+01
-1.055213e+01
-1.055592e+01
-1.056066e+01
-1.056224e+01
-1.056160e+01
-1.056034e+01
-1.055813e+01
-1.055529e+01
-1.055181e+01
-1.055402e+01
-1.055876e+01
-1.056192e+01
-1.056224e+01
-1.056097e+01
-1.055908e+01
-1.058340e+01
-1.059287e+01
-1.059256e+01
-1.059224e+01
-1.059256e+01
-1.059256e+01
-1.059256e+01
-1.059224e+01
-1.059256e+01
-1.059224e+01
-1.059256e+01
-1.059256e+01
-1.059256e+01
-1.059256e+01
-1.059256e+01
-1.059193e+01
-1.059193e+01
-1.059256e+01
-1.059224e+01
-1.059256e+01
-1.059224e+01
-1.059256e+01
-1.059256e+01
-1.059224e+01
-1.059256e+01
-1.059256e+01
-1.059224e+01
-1.059256e+01
-1.059256e+01
-1.059256e+01
-1.059224e+01
-1.059224e+01
-1.059256e+01
-1.059224e+01
-1.059224e+01
-1.059224e+01
-1.059224e+01
-1.059224e+01
-1.059224e+01
-1.059224e+01
-1.059256e+01
-1.059256e+01
-1.059224e+01
-1.059224e+01
-1.059256e+01
-1.059224e+01
-1.059224e+01
-1.059224e+01
-1.059224e+01
-1.059256e+01
-1.059224e+01
-1.059256e+01
-1.059224e+01
-1.059256e+01
-1.059224e+01
-1.059256e+01
-1.059256e+01
-1.059256e+01
-1.059224e+01
-1.059193e+01
-1.059098e+01
-1.059224e+01
-1.059256e+01
-1.059256e+01
-1.059256e+01
-1.059287e+01
-1.059224e+01
-1.059256e+01
-1.059098e+01
-1.059161e+01
-1.059224e+01
-1.059224e+01
-1.059224e+01
-1.059224e+01
-1.059256e+01
-1.059193e+01
-1.059161e+01
-1.059066e+01
-1.059193e+01
-1.059256e+01
-1.059224e+01
-1.059224e+01
-1.059256e+01
-1.059256e+01
-1.059193e+01
-1.059035e+01
-1.059193e+01
-1.059256e+01
-1.059256e+01
-1.059256e+01
-1.059256e+01
-1.059224e+01
-1.059003e+01
-1.058656e+01
-1.058687e+01
-1.059003e+01
-1.059161e+01
-1.059193e+01
-1.059129e+01
-1.059035e+01
-1.059256e+01
-1.059287e+01
-1.059256e+01
-1.059256e+01
-1.059224e+01
-1.059224e+01
-1.059224e+01
-1.059256e+01
-1.059224e+01
-1.059224e+01
-1.059256e+01
-1.059256e+01
-1.059224e+01
-1.059256e+01
-1.059256e+01
-1.059224e+01
-1.059256e+01
-1.059224e+01
-1.059224e+01
-1.059224e+01
-1.059256e+01
-1.059256e+01
-1.059256e+01
-1.059224e+01
-1.059256e+01
-1.059224e+01
-1.059256e+01
-1.059224e+01
-1.059224e+01
-1.059256e+01
-1.059193e+01
-1.059256e+01
-1.059224e+01
-1.059256e+01
-1.059256e+01
-1.059224e+01
-1.059193e+01
-1.059224e+01
-1.059256e+01
-1.059256e+01
-1.059256e+01
-1.059256e+01
-1.059256e+01
-1.059224e+01
-1.059256e+01
-1.059256e+01
-1.059256e+01
-1.059256e+01
-1.059256e+01
-1.059224e+01
-1.059256e+01
-1.059224e+01
-1.059193e+01
-1.059256e+01
-1.059193e+01
-1.059287e+01
-1.059224e+01
-1.059256e+01
-1.059256e+01
-1.059161e+01
-1.058972e+01
-1.059161e+01
-1.059256e+01
-1.059287e+01
-1.059224e+01
-1.059224e+01
-1.059256e+01
-1.059193e+01
-1.059035e+01
-1.059066e+01
-1.059193e+01
-1.059287e+01
-1.059256e+01
-1.059256e+01
-1.059256e+01
-1.059129e+01
-1.058719e+01
-1.058498e+01
-1.058814e+01
-1.059066e+01
-1.059129e+01
-1.059129e+01
-1.059003e+01
-1.058814e+01
-1.058593e+01
-1.058371e+01
-1.058624e+01
-1.059003e+01
-1.059098e+01
-1.059129e+01
-1.059066e+01
-1.058877e+01
-1.058656e+01
-1.058371e+01
-1.058435e+01
-1.058877e+01
-1.059066e+01
-1.059098e+01
-1.059035e+01
-1.058908e+01
-1.059193e+01
-1.059224e+01
-1.059224e+01
-1.059256e+01
-1.059256e+01
-1.059256e+01
-1.059224e+01
-1.059256e+01
-1.059224e+01
-1.059224e+01
-1.059224e+01
-1.059224e+01
-1.059256e+01
-1.059256e+01
-1.059256e+01
-1.059224e+01
-1.059224e+01
